00
00
01
00
00
00
00
00
02
02
02
00
00
00
00
03
03
03
00
00
00
00
04
00
00
00
05
00
00
00
05
00
00
01
01
01
00
00
00
02
00
00
00
02
00
00
03
00
00
00
03
00
00
04
04
04
00
00
00
05
05
05
00
00
01
00
00
00
01
00
02
02
00
06
00
02
00
03
03
00
07
00
03
00
04
00
00
00
04
00
05
00
00
00
05
00
01
00
08
00
01
00
02
02
00
00
00
02
00
03
03
00
00
00
03
00
04
00
09
00
04
00
05
00
0A
00
05
00
01
00
00
00
01
00
02
00
02
02
02
00
00
03
00
03
03
03
00
00
04
00
00
00
04
00
05
00
00
00
05
00
00
01
01
01
00
00
02
00
00
00
02
02
00
03
00
00
00
03
03
00
00
04
04
04
00
00
00
05
05
05
00
00
00
01
00
01
00
00
02
00
00
00
00
02
00
03
00
00
00
00
03
00
00
04
00
04
00
00
00
00
05
00
00
00
00
01
01
01
00
00
02
00
00
00
00
00
00
03
00
00
00
00
00
00
00
04
04
04
00
00
00
00
05
00
00
00
01
01
00
01
01
00
02
00
00
00
00
00
00
03
00
00
00
00
00
00
04
04
00
04
04
00
00
05
05
05
00
00
01
00
00
00
01
00
02
00
00
00
00
00
00
03
00
00
00
00
00
00
04
00
00
00
04
00
05
00
00
00
05
00
00
00
14
00
00
00
00
00
00
00
00
00
00
00
00
00
00
00
00
00
00
00
00
00
00
00
00
00
00
00
00
00
00
14
14
00
00
00
00
0B
0B
0B
0B
0B
00
00
00
0C
00
00
00
00
00
0D
0D
0D
00
00
0E
0E
0E
0E
0E
00
14
00
00
00
00
00
00
00
00
0B
00
00
00
00
0C
0C
0C
00
00
00
0D
00
00
00
0D
00
00
00
0E
00
00
00
00
14
14
14
00
00
00
00
00
0B
00
00
00
0C
00
00
00
0C
00
0D
0D
00
0F
00
0D
00
00
00
0E
00
00
00
14
00
00
00
14
00
00
00
0B
0B
0B
00
00
0C
00
10
00
0C
00
0D
0D
00
00
00
0D
00
00
0E
0E
0E
00
00
14
00
11
00
14
00
00
0B
00
00
00
0B
00
0C
00
00
00
0C
00
0D
00
0D
0D
0D
00
00
0E
00
00
00
0E
00
14
00
00
00
14
00
00
0B
00
12
00
0B
00
00
0C
0C
0C
00
00
0D
00
00
00
0D
0D
00
0E
00
13
00
0E
00
00
14
14
14
14
00
00
0B
00
00
00
0B
00
00
0C
00
0C
00
00
0D
00
00
00
00
0D
00
0E
00
00
00
0E
00
00
00
00
00
00
14
00
00
0B
0B
0B
00
00
00
0C
0C
0C
00
00
0D
00
00
00
00
00
00
00
0E
0E
0E
00
00
00
00
14
14
14
00
00
00
00
00
00
00
00
0C
0C
00
0C
0C
00
0D
00
00
00
00
00
00
00
00
00
00
00
00
00
00
14
00
00
00
00
00
00
00
00
00
00
0C
00
00
00
0C
00
0D
00
00
00
00
00
00
00
00
00
00
00
00
00
00
00
00
00
00
00
00
00
00
00
00
00
00
00
00
00
00
00
00
00
00
00
00
00
00
00
00
00
00
00
00
00
00
15
00
00
00
16
16
16
16
16
00
00
00
1A
1A
1A
00
00
00
00
00
00
00
00
00
00
00
00
17
17
17
00
15
15
15
00
00
00
00
16
00
00
00
00
1A
00
00
00
1A
00
00
18
00
00
00
00
00
18
00
00
17
00
00
15
00
00
00
15
00
00
00
16
00
00
00
1A
00
00
00
00
00
1A
00
18
18
00
00
00
00
18
00
00
17
00
00
15
00
19
00
15
00
00
16
16
16
00
00
1A
00
1A
00
1A
00
1A
00
18
00
18
00
18
00
18
00
17
00
17
00
15
00
00
00
15
00
16
00
00
00
16
00
1A
00
00
1A
00
00
1A
00
18
00
00
18
00
00
18
00
00
17
00
17
00
15
15
15
00
00
16
00
1B
00
16
00
1A
00
1A
00
1A
00
1A
00
18
00
18
00
18
00
18
00
17
00
17
00
00
15
00
15
00
00
16
00
00
00
16
00
1A
00
00
1A
00
00
1A
00
18
00
00
00
00
18
18
00
00
17
00
00
00
15
15
15
00
00
00
16
16
16
00
00
00
1A
00
1A
00
1A
00
00
18
00
00
00
00
00
18
00
00
17
00
00
15
15
00
15
15
00
00
00
00
00
00
00
00
00
1A
1A
1A
00
00
00
00
00
00
00
00
00
00
00
00
17
17
17
15
00
00
00
15
00
00
00
00
00
00
00
00
00
00
00
00
00
00
00
00
00
00
00
00
00
00
00
00
00
00
00
