00
00
00
00
00
00
00
00
00
00
00
00
00
00
00
00
00
00
00
00
00
00
00
00
00
00
00
00
00
00
00
00
00
01
01
01
01
01
01
01
00
14
14
14
14
00
14
14
14
00
00
00
14
14
00
02
02
02
02
02
02
02
00
00
00
01
00
00
00
00
00
01
00
14
14
00
00
00
14
00
00
14
00
14
00
14
00
02
00
00
00
00
00
02
00
00
00
01
00
03
03
03
00
01
00
00
00
14
14
14
00
00
00
14
00
14
14
14
00
02
00
04
04
04
00
02
00
00
00
01
00
03
03
03
00
01
00
14
14
14
14
14
00
14
14
00
14
14
00
14
00
02
00
04
04
04
00
02
00
00
00
01
00
03
03
03
00
01
00
00
14
14
14
00
00
14
00
14
00
00
14
00
00
02
00
04
04
04
00
02
00
00
00
01
00
00
00
00
00
01
00
00
14
14
14
14
14
00
14
14
14
14
14
00
00
02
00
00
00
00
00
02
00
00
00
01
01
01
01
01
01
01
00
00
00
14
00
14
00
14
00
14
00
14
00
14
00
02
02
02
02
02
02
02
00
00
00
00
00
00
00
00
00
00
00
14
14
00
00
00
00
00
14
14
14
14
14
00
00
00
00
00
00
00
00
00
00
00
00
05
00
06
06
00
14
14
14
00
14
14
00
14
14
00
14
00
14
14
00
00
00
14
00
00
07
00
14
14
00
00
00
05
00
00
00
00
14
00
00
00
00
00
00
14
14
14
14
00
14
00
14
00
14
14
00
07
00
00
00
14
00
00
00
00
05
05
00
14
00
00
00
08
00
08
00
14
14
00
00
14
00
14
00
00
14
14
00
00
00
14
14
00
00
00
00
00
05
05
00
00
00
00
08
08
08
08
00
00
00
00
00
14
00
00
14
14
00
00
14
00
14
00
00
14
00
00
00
00
00
00
00
00
00
08
00
08
00
08
08
00
00
14
14
00
14
00
00
14
00
00
00
00
14
14
00
00
00
00
00
09
00
09
09
09
00
00
00
08
08
08
00
00
00
14
00
14
14
00
14
00
00
0A
00
00
00
00
14
14
00
00
00
00
09
09
09
09
00
0B
00
08
08
00
00
00
14
00
14
14
00
14
00
00
0A
00
0A
00
00
14
14
14
00
00
00
09
00
00
00
00
00
00
00
00
08
00
14
00
00
14
00
14
00
14
00
0A
0A
0A
0A
0A
00
00
14
00
00
00
00
00
00
14
14
14
14
14
14
00
00
00
00
14
00
14
14
00
00
14
00
0A
0A
00
0A
0A
00
00
14
00
00
00
00
00
00
14
14
14
14
00
00
00
00
00
00
14
00
14
00
00
00
00
00
0A
0A
00
0A
00
00
14
14
00
00
00
00
00
14
00
00
00
00
14
14
00
14
00
14
14
14
14
14
14
14
14
00
0A
00
00
00
00
14
14
00
00
00
00
00
14
14
00
0C
00
00
00
00
14
00
14
00
00
14
14
14
14
14
14
00
00
00
00
00
14
00
14
00
00
00
00
00
14
00
00
00
0C
00
0D
00
14
14
14
14
00
14
14
14
14
14
14
14
14
14
14
14
14
14
14
00
00
00
00
00
00
00
00
00
00
00
00
00
14
00
14
14
14
00
00
00
00
00
00
00
14
00
00
00
14
14
14
14
14
00
00
00
0E
0E
0E
0E
0E
0E
0E
00
14
00
00
00
00
00
0F
00
00
00
00
14
14
00
10
00
14
14
00
14
00
00
00
00
0E
00
00
00
00
00
0E
00
14
14
14
14
00
0F
0F
0F
0F
00
14
00
14
00
00
00
14
00
00
00
14
00
00
00
0E
00
11
11
11
00
0E
00
00
14
00
14
00
00
00
0F
00
00
00
00
14
14
14
14
14
00
14
14
00
00
00
00
0E
00
11
11
11
00
0E
00
14
14
00
00
14
14
00
0F
0F
00
00
00
00
14
00
14
14
00
14
00
14
00
00
00
0E
00
11
11
11
00
0E
00
14
14
14
00
00
00
00
00
00
00
12
00
14
14
00
00
00
00
14
00
14
00
00
00
0E
00
00
00
00
00
0E
00
00
00
14
14
00
00
00
14
00
00
12
00
14
00
00
13
00
14
00
14
00
00
00
00
0E
0E
0E
0E
0E
0E
0E
00
14
14
14
00
14
14
14
00
00
00
12
00
14
14
00
13
00
00
00
14
00
00
00
00
00
00
00
00
00
00
00
00
00
00
00
00
00
00
00
00
00
00
00
00
00
00
00
00
00
00
00
00
00
00
00
00
00
00
00
00
00
00
00
00
00
00
00
00
00
00
00
00
00
00
00
00
00
00
00
00
00
00
00
00
00
00
00
